8 24 4
0.07436770327381648 -0.149815972579735 -0.0037682635601520853 0.2781361307354245 -0.06954145620854282 0.23563829048074908 -0.04067302818518004 0.1776488328134378 -0.2935758892083233 -0.27967559927528984 0.1956966130923658 0.015053376777223848 0.08148518644388636 0.17575653766313099 0.10071028717328911 0.0052856718735108665 -0.14409713815350272 -0.041015453408942415 -0.24710478340333777 0.027296505360854484 0.23723747156251324 -0.025605799905816795 -0.02820567349115538 0.12624720466394274
-0.25308471789686365 0.052609962546576516 -0.3312342175642162 -0.18776875813177085 0.23100930319680713 0.08867189355218413 0.30907516390622947 0.09109859901980843
0.3161510984071093 0.26848191614004613 -0.2481669597535099 -0.0534888539666048 0.05669954566634178 0.04195724199499584 -0.2706697303433292 -0.16104502273633664
0.13240286059274764 0.2799005945882266 -0.11648339679126105 -0.03480849225182786 -0.29111782270567793 -0.25249257813939757 0.2059257051103387 0.25547815972210286
0.18809263657159692 0.20283410027111348 0.2771015817223571 -0.16183851898063809 -0.2541885539858597 -0.2868929493792015 -0.2592510965278086 0.05289542615042753
0.24017590674923228 -0.16669053293883115 -0.29183491304426296 -0.08385350750639686 0.18179465099421455 0.3482864926164284 -0.046054283751853664 0.02540217726788707
-0.17275674442872022 -0.055764112874725325 -0.1108277696409539 -0.18802477662376715 0.07251808088484574 -0.041498727485350995 -0.2981107362665964 -0.030941111234694285
-0.34424737913992914 0.17988886271559612 0.16581241046902484 -0.03150857528257994 -0.06883668574382507 0.05362561978768299 -0.17111683415046117 -0.04355578739546434
0.01742845738589499 0.3417959469981795 0.27094383826382906 -0.08681377632559162 -0.2933828200794485 -0.16966214854426404 -0.31393300266523416 -0.3040602991067723
0.32493943129283565 -0.31639875096438486 0.2653402563555246 0.029358639639946782 -0.300916665921095 0.05063861469601649 -0.19895083134380362 -0.32824968566674617
0.09925507582108911 -0.24885955653295772 0.27570492121830426 0.27188480813821625 0.12988419848743682 -0.2976260421656152 -0.18955599788437194 -0.02036224583496582
0.0768669424488655 0.13640791052890966 0.08153968934635702 -0.08513650385399307 0.007296743808809403 0.014609757971323967 0.13700260662225966 -0.13667717422455256
-0.03425904884711217 -0.3142055679772761 -0.05575530225792952 0.15038424974976639 0.25429397654450725 -0.23018600578653256 0.3155414517064413 -0.3280654785783527
0.1665922399381653 0.20115150930299242 0.04307662862198913 -0.3252739273844136 0.03853044867829536 -0.2922679968949483 0.0485919419891605 0.06549868768744371
0.32979757627804307 0.2091969031142895 0.06825673559477968 0.3169297534823342 -0.19149091541034993 0.20302888674631825 -0.30094610774259695 0.3219839546856952
-0.02466957427213534 0.11680449103012702 0.286385997450575 -0.14541796208200022 0.03717593290421628 0.1448652992076554 -0.2905585905123933 0.3074693801333479
0.3264419358876782 0.07480949277957438 0.06800868470513227 -0.20915562611451782 -0.053442552811701294 0.20933541595051486 -0.1109244035949408 0.306543301459441
-0.050768452253700413 0.24765758021130446 0.043544983477203425 -0.2045411759215358 -0.248491046735676 0.11649192066377384 -0.24912889327151133 0.08754952181638326
0.023511588307493225 0.13305194590391078 -0.18554345344668752 -0.24147127575590288 0.257400315479807 0.01004794828029243 0.14692216857586105 -0.2391337875617469
0.34865355149801147 -0.02636448247063372 -0.09701818381628369 -0.3142583932820869 -0.03659863838221594 -0.032645929944132235 -0.32371869928548774 0.25634215005004624
0.0762679855579414 0.0847699901945197 0.02461205427152674 -0.07785560022848603 0.23383426381514416 0.12465417513362204 0.1001164386988262 -0.05753771690711246
-0.02082944507518042 0.024199575141033824 -0.016639273354204287 0.01535702892075913 0.14253782657841813 0.09710508596684836 -0.26551603377023825 0.14541120781444716
0.033895117306662226 -0.041482911799881894 -0.13924283664023387 -0.20276492239580532 -0.05299059059143563 0.268240981297982 -0.0744089335929719 0.34319033999756865
0.0836616926969988 -0.318717898565091 -0.3514470889203688 0.28219595432989253 -0.2912661921667179 0.13844553586304825 0.19472742188884096 -0.2907619925070224
-0.3001083185412341 -0.23765027566796948 -0.1821623245507329 0.07817307911479981 -0.12103517048019483 -0.051757950275586107 -0.025862612560617115 0.30950739537014393
0.2089384819217191 0.22980909347983441 -0.23600698343695864 -0.07551837804136521
-0.018744008723278416 -0.150473306824123 -0.013307217905416502 0.05771273824201131 0.1121846042300865 0.08333349886798988 -0.005278673985492838 -0.028305613926103868 0.04236441128838897 -0.09398511409733734 0.17368413837771432 -0.08594875076431278 0.13722335658127247 0.19781840149922844 -0.19070120834789453 0.1903615175565195 -0.15515432023404696 -0.10088360629909315 -0.2005661218908471 -0.002669403558925615 0.05486863449822735 -0.10647503792924003 -0.06343461815482848 0.10164892308223303
-0.14335888033541666 -0.0176671776592891 0.07462372044539342 -0.20338268526014494 0.17674499916865075 0.07230155840323418 0.047044030881744275 -0.11915724968384396 0.1950695001369365 -0.03409804457519222 -0.05976864467229964 0.16013036586738918 -0.12796780791137602 -0.17723941710007643 -0.032982957733242696 0.056948684981510206 -0.06063744693340503 0.19549751045013739 -0.20080138757281665 0.0982662494924881 0.18939685837520173 -0.18235127573995377 0.02483968220216548 0.017407647762145873
-0.021594960028897797 -0.05440874279067795 0.03973348287953446 0.17177271525291968 0.02653642172557477 0.1327428386457787 -0.0030125569268074637 -0.012525483337245097 -0.1981420281752273 -0.08369644264494032 0.18140925094022067 0.09392192386847106 -0.17873145031436496 -0.038567984913242453 -0.022244539285012743 0.1790569738951037 0.17491099991571937 -0.1472370936875168 0.15537208650358783 0.14437054084505965 0.008735149253425556 0.0041286600486207525 -0.009179187698277469 -0.1495094098369335
-0.1542188802656612 -0.07232968471292822 -0.11789181738631586 -0.0883486766710767 0.028280566739447094 -0.06117425554472225 0.015940536144746303 -0.03582453864010526 -0.1720610244056277 -0.11232878091910592 -0.12688939628167298 -0.06274109641873782 -0.18525242672912973 0.052617653082333654 -0.17192368498399663 0.042168143810274644 -0.08770892474803281 -0.03301499276519346 -0.06710109016766297 0.03949733733797414 0.193510809107755 -0.14569461315279783 0.13943407723581838 -0.03466721459019012
